
East Scarpe:

18 .9 372 .9 718 .1 719 .3 723 .3/402 .9 372 .9 394 .5 718 .1 719 .3 723 .3 1096 .5 1098 .1/410 .6 372 .9 718 .1 719 .3 723 .3 1096 .5 1099 .1/418 .7 414 .1 283 .5 372 .4 392 .8 718 .05 719 .2 723 .2 1096 .5 1100 .1






New Fish:
"18 .9 372 .9 718 .1 719 .3 723 .3/402 .9 372 .9 394 .5 718 .1 719 .3 723 .3 1096 .5 1098 .1/410 .6 372 .9 718 .1 719 .3 723 .3 1096 .5 1099 .1/418 .7 414 .1 283 .5 372 .4 392 .8 718 .05 719 .2 723 .2 1096 .5 1100 .1/153 -1 142 0 1123 0 1124 0 1146 0 1147 0 152 1 129 1 147 1 1071 1 1088 1 1075 1 129 2 131 2 147 2 148 2 152 2 708 2 1120 2 1137 2 1139 2 1143 2 1058 2 1071 2 1076 2 267 2/153 -1 142 0 144 0 1122 0 1124 0 1148 0 1082 0 1146 0 152 1 154 1 1071 1 1075 1 152 2 128 2 130 2 146 2 149 2 150 2 152 2 155 2 708 2 267 2 1120 2 1129 2 1143 2 1068 2 1070 2 1071 2/153 -1 142 0 269 0 1121 0 1146 0 1149 0 152 2 129 1 154 1 155 1 1075 1 152 2 129 2 131 2 148 2 150 2 152 2 154 2 155 2 705 2 1135 2 1136 2 1059 2 1069 2/153 -1 142 0 269 0 1146 0 1079 0 1081 0 152 1 147 1 155 1 1075 1 152 2 708 2 130 2 131 2 146 2 147 2 150 2 151 2 152 2 154 2 705 2 1135 2 1138 2 1126 2 1060 2 1061 2 1072 2 1080 2 1109 2/378 .08 579 .1 588 .1 102 .15 390 .25 330 1",





Spring:
<name> <area> 
-1 any area
Pond = 0,
Tidepool = 1,
Ocean = 2,

153 -1 Green Algae

0: Pond 
142 0 Carp (all seasons)


1: Tidepool
152 1 seaweed
129 1 Anchovy (spring fall)
147 1 Herring (spring winter)
154 1 Cucumber (summer fall)
155 1 Super Cucumber (fall winter)


2: Ocean
152 3 seaweed
129 2 Anchovy
267 flounder (spring summer)


Summer:




Fall:




Winter:



Forage: "16 .9 22 .9/396 .6 402 .9/404 .9 410 .9/418 .9 414 .9 283 .5/

-1/-1/-1/-1

Fish: 153 -1 145 0 143 0 137 1 132 0 706 0 702 0/153 -1 145 0 144 -1 138 0 132 0 706 0 704 0 702 0/143 0 153 -1 140 -1 139 0 137 1 132 0 706 0 702 0 699 0 269 1/699 0 143 0 153 -1 144 -1 141 -1 140 -1 132 0 707 0 702 0 269 1/


Arc spots: 378 .08 579 .1 588 .1 102 .15 390 .25 330 1",

"Beach": "372 .9 718 .1 719 .3 723 .3 1096 .4 1097 .3/372 .9 394 .5 718 .1 719 .3 723 .3 1096 .5 1098 .1/372 .9 718 .1 719 .3 723 .3 1096 .5 1099 .1/372 .4 392 .8 718 .05 719 .2 723 .2 1096 .5 1100 .1/

//More Fish

Pond: 
1121 fall
1123 spring
1122 summer
1124 spring summer
1146 all
1147 spring 
1148 summer
1149 fall 
1079 winter
1081 winter
1082 summer



Rockpools: 
1144 trap
1071 spring summer
1075 all
1088 spring
1093 trap
1115 trap
Starfish: 
1096 
1097-spring 
1098 
1099


Ocean:
Spring: 129 2 131 2 147 2 148 2 152 2 708 2 1120 2 1137 2 1139 2 1143 2 1058 2 1071 2 1076 2 267 2/
Summer: 128 2 130 2 146 2 149 2 150 2 152 2 155 2 708 2 267 2 1120 2 1129 2 1143 2 1068 2 1070 2 1071 2/
Fall: 129 2 131 2 148 2 150 2 152 2 154 2 155 2 705 2 1135 2 1136 2 1059 2 1069 2/
Winter: 708 2 130 2 131 2 146 2 147 2 150 2 151 2 152 2 154 2 705 2 1135 2 1138 2 1126 2 1060 2 1061 2 1072 2 1080 2 1109 2




For Fairy Pond:
1127 1128